1.00000000e+20 1.06830133e+02
1.25892500e+04 1.06830133e+02
1.18850400e+04 1.06830099e+02
1.12201900e+04 1.06830061e+02
1.05925600e+04 1.06830018e+02
1.00000000e+04 1.06829972e+02
9.44060600e+03 1.06829920e+02
8.91253000e+03 1.06829863e+02
8.41395000e+03 1.06829799e+02
7.94328400e+03 1.06829729e+02
7.49894200e+03 1.06829651e+02
7.07945700e+03 1.06829564e+02
6.68345500e+03 1.06829467e+02
6.30958600e+03 1.06829360e+02
5.95663600e+03 1.06829241e+02
5.62342600e+03 1.06829108e+02
5.30884300e+03 1.06828961e+02
5.01187300e+03 1.06828797e+02
4.73151200e+03 1.06828614e+02
4.46683700e+03 1.06828410e+02
4.21696500e+03 1.06828183e+02
3.98107100e+03 1.06827930e+02
3.75837500e+03 1.06827647e+02
3.54814100e+03 1.06827332e+02
3.34966300e+03 1.06826981e+02
3.16228500e+03 1.06826588e+02
2.98538200e+03 1.06826150e+02
2.81839600e+03 1.06825660e+02
2.66072500e+03 1.06825113e+02
2.51188700e+03 1.06824502e+02
2.37137400e+03 1.06823819e+02
2.23872100e+03 1.06823055e+02
2.11348900e+03 1.06822201e+02
1.99526200e+03 1.06821245e+02
1.88365000e+03 1.06820177e+02
1.77827900e+03 1.06818981e+02
1.67880800e+03 1.06817642e+02
1.58489300e+03 1.06816144e+02
1.49623500e+03 1.06814466e+02
1.41253800e+03 1.06812587e+02
1.33352100e+03 1.06810484e+02
1.25892900e+03 1.06808127e+02
1.18850200e+03 1.06805486e+02
1.12201800e+03 1.06802528e+02
1.05925400e+03 1.06799212e+02
1.00000000e+03 1.06795495e+02
9.44060700e+02 1.06791329e+02
8.91253000e+02 1.06786658e+02
8.41396900e+02 1.06781416e+02
7.94328400e+02 1.06775544e+02
7.49894200e+02 1.06768954e+02
7.07945600e+02 1.06761562e+02
6.68344000e+02 1.06753268e+02
6.30957300e+02 1.06743961e+02
5.95662300e+02 1.06733517e+02
5.62341300e+02 1.06721794e+02
5.30884300e+02 1.06708637e+02
5.01187300e+02 1.06693866e+02
4.73152300e+02 1.06677285e+02
4.46684700e+02 1.06658669e+02
4.21696500e+02 1.06637767e+02
3.98107100e+02 1.06614298e+02
3.75839100e+02 1.06587951e+02
3.54813400e+02 1.06558365e+02
3.34965500e+02 1.06525152e+02
3.16227800e+02 1.06487868e+02
2.98538200e+02 1.06446022e+02
2.81838300e+02 1.06399064e+02
2.66072500e+02 1.06346384e+02
2.51188700e+02 1.06287304e+02
2.37137400e+02 1.06221075e+02
2.23872700e+02 1.06146870e+02
2.11348900e+02 1.06063769e+02
1.99526200e+02 1.05970782e+02
1.88365800e+02 1.05866828e+02
1.77827900e+02 1.05750694e+02
1.67880400e+02 1.05621132e+02
1.58489300e+02 1.05476763e+02
1.49623600e+02 1.05316132e+02
1.41253800e+02 1.05137711e+02
1.33352100e+02 1.04939907e+02
1.25892500e+02 1.04721071e+02
1.18850500e+02 1.04479547e+02
1.12202100e+02 1.04213690e+02
1.05925400e+02 1.03921863e+02
1.00000000e+02 1.03602618e+02
9.44060900e+01 1.03254594e+02
8.91251100e+01 1.02876651e+02
8.41395000e+01 1.02467927e+02
7.94328200e+01 1.02027915e+02
7.49894200e+01 1.01556515e+02
7.07945800e+01 1.01054109e+02
6.68344000e+01 1.00521618e+02
6.30957300e+01 9.99605415e+01
5.95663600e+01 9.93730235e+01
5.62341300e+01 9.87617149e+01
5.30884500e+01 9.81300242e+01
5.01187300e+01 9.74818027e+01
4.73151200e+01 9.68214037e+01
4.46683600e+01 9.61535625e+01
4.21696500e+01 9.54832445e+01
3.98107200e+01 9.48155242e+01
3.75837400e+01 9.41554147e+01
3.54813300e+01 9.35077228e+01
3.34965400e+01 9.28769074e+01
3.16227800e+01 9.22669426e+01
2.98538900e+01 9.16812553e+01
2.81838300e+01 9.11225733e+01
2.66072500e+01 9.05931069e+01
2.51188600e+01 9.00943682e+01
2.37137400e+01 8.96273332e+01
2.23872100e+01 8.91924842e+01
2.11348900e+01 8.87899218e+01
1.99526200e+01 8.84194284e+01
1.88364900e+01 8.80805545e+01
1.77827900e+01 8.77726544e+01
1.67880400e+01 8.74949190e+01
1.58489300e+01 8.72463553e+01
1.49623500e+01 8.70257732e+01
1.41254100e+01 8.68317579e+01
1.33352100e+01 8.66625921e+01
1.25892500e+01 8.65163281e+01
1.18850200e+01 8.63907102e+01
1.12201800e+01 8.62832641e+01
1.05925400e+01 8.61913246e+01
1.00000000e+01 8.61121516e+01
8.91250900e+00 8.59811879e+01
7.94328700e+00 8.58698448e+01
7.07946400e+00 8.57609104e+01
6.30957600e+00 8.56410845e+01
5.62341300e+00 8.55002446e+01
5.01187200e+00 8.53300334e+01
4.46683900e+00 8.51224855e+01
3.98107200e+00 8.48690711e+01
3.54813600e+00 8.45602739e+01
3.16227800e+00 8.41855307e+01
2.81838300e+00 8.37336037e+01
2.51188800e+00 8.31932577e+01
2.37137700e+00 8.28866782e+01
2.23872200e+00 8.25543363e+01
2.11348900e+00 8.21953831e+01
1.99526300e+00 8.18092242e+01
1.88365000e+00 8.13955713e+01
1.77827900e+00 8.09545008e+01
1.67880600e+00 8.04865210e+01
1.58489300e+00 7.99925032e+01
1.49623600e+00 7.94738220e+01
1.41253800e+00 7.89321987e+01
1.33352100e+00 7.83697025e+01
1.25892700e+00 7.77886775e+01
1.18850200e+00 7.71914850e+01
1.12201900e+00 7.65804969e+01
1.05925400e+00 7.59577139e+01
1.00000000e+00 7.53246391e+01
9.44061700e-01 7.46820294e+01
8.91251000e-01 7.40296745e+01
8.41395500e-01 7.33664084e+01
7.94328400e-01 7.26900356e+01
7.49894200e-01 7.19976014e+01
7.07945900e-01 7.12857105e+01
6.68344400e-01 7.05509851e+01
6.30957700e-01 6.97905097e+01
5.95662300e-01 6.90022002e+01
5.62341300e-01 6.81849343e+01
5.30884600e-01 6.73385666e+01
5.01187200e-01 6.64631948e+01
4.73151700e-01 6.55588935e+01
4.46683700e-01 6.46247164e+01
4.21696500e-01 6.36585374e+01
3.98107300e-01 6.26562840e+01
3.75837400e-01 6.16114635e+01
3.54813500e-01 6.05155649e+01
3.34965700e-01 5.93580888e+01
3.16227900e-01 5.28550000e+01
2.98538300e-01 5.20769558e+01
2.81838300e-01 5.08684229e+01
2.66072500e-01 4.93884414e+01
2.51188700e-01 4.77592537e+01
2.37137600e-01 4.60734905e+01
2.23872200e-01 4.44000110e+01
2.11348900e-01 4.25954085e+01
1.99526200e-01 4.05193298e+01
1.88364900e-01 3.82250253e+01
1.77827900e-01 3.57589898e+01
1.67880600e-01 3.25807894e+01
1.58489300e-01 2.90516688e+01
1.49623600e-01 2.62513375e+01
1.41253800e-01 2.40605242e+01
1.33352100e-01 2.21573472e+01
1.25892500e-01 2.06097564e+01
1.18850200e-01 1.94565315e+01
1.12201800e-01 1.86379034e+01
1.05925300e-01 1.80140964e+01
1.00000000e-01 1.75990000e+01
9.44060900e-02 1.73796026e+01
8.91251000e-02 1.70199636e+01
8.41395000e-02 1.67028243e+01
7.94328200e-02 1.64233103e+01
7.49894200e-02 1.61760593e+01
7.07945800e-02 1.59507501e+01
6.68344000e-02 1.57376613e+01
6.30957300e-02 1.55298307e+01
5.95662100e-02 1.53234742e+01
5.62341300e-02 1.51166302e+01
5.30884500e-02 1.49079980e+01
5.01187300e-02 1.46967861e+01
4.73151200e-02 1.44826160e+01
4.46683600e-02 1.42654565e+01
4.21696500e-02 1.40455677e+01
3.98107200e-02 1.38234741e+01
3.54813300e-02 1.33759076e+01
3.16227700e-02 1.29311689e+01
2.81838300e-02 1.25000661e+01
2.51188600e-02 1.20945205e+01
2.23872100e-02 1.17266420e+01
1.99526200e-02 1.14085107e+01
1.77827900e-02 1.11678491e+01
1.58489300e-02 1.10193640e+01
1.41253800e-02 1.09337981e+01
1.25892500e-02 1.08830429e+01
1.12201800e-02 1.08542530e+01
1.00000000e-02 1.08395163e+01
8.91251000e-03 1.08302630e+01
7.94328400e-03 1.08286637e+01
7.07945600e-03 1.08296329e+01
6.30957300e-03 1.08303628e+01
5.62341300e-03 1.08296072e+01
5.01187300e-03 1.08270272e+01
4.46683700e-03 1.08230621e+01
3.98107100e-03 1.08183930e+01
3.54813300e-03 1.08132298e+01
3.16227800e-03 1.08083426e+01
2.81838300e-03 1.08042800e+01
2.51188700e-03 1.07997968e+01
2.23872100e-03 1.07937212e+01
1.99526200e-03 1.07843537e+01
1.77827900e-03 1.07703970e+01
1.58489300e-03 1.07517199e+01
1.41253800e-03 1.07286317e+01
1.25892500e-03 1.07017420e+01
1.12201800e-03 1.06713443e+01
1.00000000e-03 1.06332380e+01
8.91251000e-04 1.05837550e+01
7.94328400e-04 1.05197772e+01
7.07945600e-04 1.04387110e+01
6.30957200e-04 1.03380611e+01
5.62341300e-04 1.02142434e+01
5.01187300e-04 1.00587419e+01
4.46683700e-04 9.86544722e+00
3.98107100e-04 9.62940024e+00
3.54813400e-04 9.34735667e+00
3.16227800e-04 9.00494600e+00
2.81838300e-04 8.59272413e+00
2.51188700e-04 8.11056298e+00
2.23872100e-04 7.56534509e+00
1.99526200e-04 6.96665301e+00
1.77827900e-04 6.33782447e+00
1.58489300e-04 5.72974374e+00
1.41253800e-04 5.17649410e+00
1.25892500e-04 4.69995552e+00
1.12201800e-04 4.31179591e+00
1.00000000e-04 4.01019813e+00
8.91250500e-05 3.78526502e+00
7.94328400e-05 3.62572834e+00
7.07945700e-05 3.51934483e+00
6.30957700e-05 3.45361024e+00
5.62341300e-05 3.41647374e+00
5.01187000e-05 3.39738467e+00
4.46683700e-05 3.38809796e+00
3.98107100e-05 3.38548647e+00
3.54813500e-05 3.38427220e+00
3.16227800e-05 3.38397281e+00
2.81838200e-05 3.38389105e+00
2.51188700e-05 3.38387645e+00
2.23872100e-05 3.38387415e+00
1.99526300e-05 3.38387397e+00
0.00000000e+00 3.38387465e+00
