1e20		6.338967345476121e-8
12589.25	6.338967345476121e-8
11885.04	7.42158349428812e-8
11220.19	8.721127917055149e-8
10592.56	1.024677755909198e-7
10000.	1.2047213789057043e-7
9440.606	1.4170483693398683e-7
8912.53	1.6675855357695113e-7
8413.95	1.9633227951731946e-7
7943.284	2.3125080422792266e-7
7498.942	2.724940515036467e-7
7079.457	3.2122066287443296e-7
6683.455	3.788039592556025e-7
6309.586	4.4687689954026055e-7
5956.636	5.273682240070077e-7
5623.426	6.225734190123955e-7
5308.843	7.351837392477467e-7
5011.873	8.684346731457904e-7
4731.512	1.0261464981620172e-6
4466.837	1.2128217371232264e-6
4216.965	1.4338325851903644e-6
3981.071	1.6955368175031182e-6
3758.375	2.005482376860046e-6
3548.141	2.372597666833176e-6
3349.663	2.807522006098573e-6
3162.285	3.3228227114268094e-6
2985.382	3.933549963808236e-6
2818.396	4.6570714582472306e-6
2660.725	5.514785385851706e-6
2511.887	6.531427471923035e-6
2371.374	7.736598473140344e-6
2238.721	9.165465213789581e-6
2113.489	0.00001085941386819167
1995.262	0.000012867777746006226
1883.65	0.000015249177897580513
1778.279	0.000018073151260067366
1678.808	0.00002142175959535253
1584.893	0.000025393189836964147
1496.235	0.000030102610184767897
1412.538	0.00003568527539288269
1333.521	0.000042306107418510486
1258.929	0.00005016303474159045
1188.502	0.00005947115954463289
1122.018	0.00007051796569856883
1059.254	0.00008361360729924883
1000.	0.0000991380057261404
944.0607	0.00011752153316413327
891.253	0.0001394069103456408
841.3969	0.0001652039289193885
794.3284	0.00019581851681649276
749.8942	0.0002321949361492326
707.9456	0.00027521309915523595
668.344	0.0003261935754599321
630.9573	0.000386569012453597
595.6623	0.0004580607220892041
562.3413	0.0005426936486196965
530.8843	0.0006428538316001209
501.1873	0.0007613502500796177
473.1523	0.0009014884127680478
446.6847	0.0010671631973839801
421.6965	0.001262944604967453
398.1071	0.0014941726380883757
375.8391	0.0017671049752023826
354.8134	0.0020891258176995997
334.9655	0.002468737720236369
316.2278	0.0029159381017551667
298.5382	0.003442311865449632
281.8383	0.004061245826517013
266.0725	0.004788389099690704
251.1887	0.0056415369264382065
237.1374	0.006641282183241781
223.8727	0.007811295193293155
211.3489	0.00917832374579941
199.5262	0.010772569402151433
188.3658	0.012628250668601737
177.8279	0.014784224636970933
167.8804	0.017282435409191166
158.4893	0.020169905922223563
149.6236	0.023497475801580237
141.2538	0.02731923011165982
133.3521	0.03169422997173488
125.8925	0.03668551546907928
118.8505	0.04234830724361238
112.2021	0.04875080252438124
105.9254	0.0559490728725649
100.	0.06399212123548281
94.40609	0.07292973321937168
89.12511	0.08279195009833806
84.1395	0.09359445948253331
79.43282	0.10533172392456969
74.98942	0.11797311932092747
70.79458	0.13145858364754126
66.8344	0.14569525212502654
63.09573	0.1605552459801114
59.56636	0.1758738488673881
56.23413	0.19145442379420885
53.08845	0.20706479131137812
50.11873	0.22245007636525038
47.31512	0.23733752919701345
44.66836	0.251447523358479
42.16965	0.26450637534994215
39.81072	0.2762586710831698
37.58374	0.2864801539774895
35.48133	0.2949887309014336
33.49654	0.3016525094964386
31.62278	0.3063939183122031
29.85389	0.3091889688187166
28.18383	0.3100616912320078
26.60725	0.309072940815895
25.11886	0.30630897180429173
23.71374	0.30186598587071956
22.38721	0.29583758640827185
21.13489	0.28830846255862497
19.95262	0.27935156069754896
18.83649	0.26903482278552815
17.78279	0.2574362737448581
16.78804	0.24466453503340801
15.84893	0.2308811107321418
14.96235	0.21632205978565366
14.12541	0.20130992931736813
13.33521	0.18626049979879866
12.58925	0.17168909413165778
11.88502	0.15814151293897538
11.22018	0.14624443857996283
10.59254	0.13657647470292034
10.	0.1297385027244986
8.912509	0.12630963646264348
7.943287	0.13923930228946801
7.079464	0.17054025905378012
6.309576	0.22235157402935357
5.623413	0.29790499080839083
5.011872	0.40254368952367514
4.466839	0.5442803190873207
3.981072	0.7339321248356043
3.548136	0.9852369144784205
3.162278	1.3142874042014228
2.818383	1.7398723877809488
2.511888	2.279918007692771
2.371377	2.599055988238348
2.238722	2.9528861097591914
2.113489	3.34329963514665
1.995263	3.771166548152223
1.88365	4.236952351894445
1.778279	4.740429411265836
1.678806	5.280693274039265
1.584893	5.856322769771737
1.496236	6.465374770237929
1.412538	7.105841876305703
1.333521	7.7760294487168835
1.258927	8.47504929036063
1.188502	9.203928911126468
1.122019	9.966163883078252
1.059254	10.768919060733197
1.	11.623862792520299
0.9440617	12.547627876999968
0.891251	13.562025492030443
0.8413955	14.692835038433714
0.7943284	15.968117714504501
0.7498942	17.415394933173275
0.7079459	19.058001642641557
0.6683444	20.912700420075566
0.6309577	22.989045252823075
0.5956623	25.292589624362563
0.5623413	27.821122413041167
0.5308846	30.585481213594903
0.5011872	33.60763898225241
0.4731517	36.93211919951477
0.4466837	40.626210610779026
0.4216965	44.7786298883359
0.3981073	49.52119218674784
0.3758374	55.000670409050144
0.3548135	61.37546789619796
0.3349657	68.81281638023233
0.3162279	77.4637227837054
0.2985383	87.44601965500328
0.2818383	98.83406244932303
0.2660725	111.6819330582664
0.2511887	126.11780148521757
0.2371376	142.55420025528224
0.2238722	162.01395454899352
0.2113489	186.3906719033098
0.1995262	218.03927275823503
0.1883649	257.6300402857669
0.1778279	300.0684771444576
0.1678806	332.0659570235207
0.1584893	337.92826410811404
0.1496236	311.75964735722755
0.1412538	263.74247232818516
0.1333521	209.98129523793
0.1258925	167.57398417320542
0.1188502	127.18629820226943
0.1122018	91.1705462456282
0.1059253	76.09630768959141
0.1	70.09863692022782
0.09440609	64.84409047336817
0.0891251	61.229132958463424
0.0841395	58.0328982295905
0.07943282	55.047082611847145
0.07498942	53.09321748551406
0.07079458	52.92117541463426
0.0668344	54.36351612826411
0.06309573	56.9733187109407
0.05956621	60.299484838226135
0.05623413	64.1727590472151
0.05308845	68.52491089458226
0.05011873	73.27188639718224
0.04731512	78.3343159492074
0.04466836	83.62632696191577
0.04216965	89.05633067862163
0.03981072	94.51559823172056
0.03548133	105.08152298166988
0.03162277	114.22835483331119
0.02818383	120.90007124676413
0.02511886	123.84031752291685
0.02238721	117.58407811554093
0.01995262	100.54724337930452
0.01778279	75.02081844322629
0.01584893	50.411259952582895
0.01412538	33.646365920388234
0.01258925	22.215867948737014
0.01122018	12.77350023218969
0.01	8.501472872389968
0.00891251	4.056074809923302
0.007943284	-0.09270345255026768
0.007079456	-0.7354603560361284
0.006309573	0.28082994020951446
0.005623413	2.504248842911693
0.005011873	5.1978938936899794
0.004466837	7.468324057163045
0.003981071	9.714363652798056
0.003548133	11.768445616047757
0.003162278	12.059605550073684
0.002818383	13.772113280794656
0.002511887	18.924419204093283
0.002238721	29.802491909598757
0.001995262	49.77966781457144
0.001778279	76.95663595151927
0.001584893	109.60782802833273
0.001412538	149.80098982117852
0.001258925	190.63954826075133
0.001122018	256.05651774852595
0.001	367.8497834383161
0.000891251	530.6518538395176
0.0007943284	753.8590510221184
0.0007079456	1055.8503042958837
0.0006309572	1449.1161791164704
0.0005623413	2013.2359564126964
0.0005011873	2794.9255999642482
0.0004466837	3857.525439230012
0.0003981071	5181.944916402092
0.0003548134	6989.459989054827
0.0003162278	9424.488797262471
0.0002818383	12469.111802438565
0.0002511887	16119.900836244182
0.0002238721	20315.19096460451
0.0001995262	24928.308601655357
0.0001778279	28428.305510069797
0.0001584893	30120.39206159042
0.0001412538	30151.049806496332
0.0001258925	28273.87018652259
0.0001122018	24917.4576249808
0.0001	20947.010041458183
0.00008912505	16780.442836088623
0.00007943284	12689.63288478111
0.00007079457	8960.817165017448
0.00006309577	5835.589312007534
0.00005623413	3417.1596749940363
0.0000501187	1974.2733274444472
0.00004466837	780.5482256418327
0.00003981071	246.21516731876181
0.00003548135	142.51363828964531
0.00003162278	22.26342461560853
0.00002818382	10.829132633807603
0.00002511887	0.6049277228303254
0.00002238721	0.4384650274878368
0.00001995263	-0.29661632620263845
0.	2.9909902900690213
